120    
1  -33  7.5
2  -33  4.5
3  -33  1.5
4  -33  -1.5
5  -33  -4.5
6  -33  -7.5
7  -27  7.5
8  -27  4.5
9  -27  1.5
10  -27  -1.5
11  -27  -4.5
12  -27  -7.5
13  -21  7.5
14  -21  4.5
15  -21  1.5
16  -21  -1.5
17  -21  -4.5
18  -21  -7.5
19  -15  7.5
20  -15  4.5
21  -15  1.5
22  -15  -1.5
23  -15  -4.5
24  -15  -7.5
25  -9  7.5
26  -9  4.5
27  -9  1.5
28  -9  -1.5
29  -9  -4.5
30  -9  -7.5
31  -3  7.5
32  -3  4.5
33  -3  1.5
34  -3  -1.5
35  -3  -4.5
36  -3  -7.5
37  3  7.5
38  3  4.5
39  3  1.5
40  3  -1.5
41  3  -4.5
42  3  -7.5
43  9  7.5
44  9  4.5
45  9  1.5
46  9  -1.5
47  9  -4.5
48  9  -7.5
49  15  7.5
50  15  4.5
51  15  1.5
52  15  -1.5
53  15  -4.5
54  15  -7.5
55  21  7.5
56  21  4.5
57  21  1.5
58  21  -1.5
59  21  -4.5
60  21  -7.5
61  -33  7.5
62  -33  4.5
63  -33  1.5
64  -33  -1.5
65  -33  -4.5
66  -33  -7.5
67  -27  7.5
68  -27  4.5
69  -27  1.5
70  -27  -1.5
71  -27  -4.5
72  -27  -7.5
73  -21  7.5
74  -21  4.5
75  -21  1.5
76  -21  -1.5
77  -21  -4.5
78  -21  -7.5
79  -15  7.5
80  -15  4.5
81  -15  1.5
82  -15  -1.5
83  -15  -4.5
84  -15  -7.5
85  -9  7.5
86  -9  4.5
87  -9  1.5
88  -9  -1.5
89  -9  -4.5
90  -9  -7.5
91  -3  7.5
92  -3  4.5
93  -3  1.5
94  -3  -1.5
95  -3  -4.5
96  -3  -7.5
97  3  7.5
98  3  4.5
99  3  1.5
100  3  -1.5
101  3  -4.5
102  3  -7.5
103  9  7.5
104  9  4.5
105  9  1.5
106  9  -1.5
107  9  -4.5
108  9  -7.5
109  15  7.5
110  15  4.5
111  15  1.5
112  15  -1.5
113  15  -4.5
114  15  -7.5
115  21  7.5
116  21  4.5
117  21  1.5
118  21  -1.5
119  21  -4.5
120  21  -7.5
