120
87.51650913
0.870149572
61.58867873
0.745665933
80.59672701
2.88403804
81.78998717
5.48366248
37.46672002
12.91583557
67.36751186
248.0079617
79.73182311
0.717682678
10.34096315
2.424872113
27.63356158
5.244996955
99.16571641
7.498680306
32.51990969
0.105822619
50.00625061
182.9772857
38.50207449
2.625794402
8.972341857
10.51476579
99.98857954
1.357534939
18.70266326
0.77066627
14.8964026
3.919350702
85.47945868
203.202593
95.60781456
0.508906842
70.31610581
0.959408945
95.36189628
2.358015952
53.30152013
5.398177479
32.0468556
19.17551231
66.46073864
358.6199753
25.18535058
90.1877858
80.63374938
19.43478822
33.10859394
14.33645271
55.72874207
10.45649157
82.91768619
71.53948924
0.352488034
95.06673524
87.56534159
32.05110824
39.73795262
15.70216051
74.82115928
36.18720797
45.03143147
21.86285047
46.50482626
96.55846962
7.130167206
37.90606107
284.6088983
79.98337984
391.0192524
48.208823
285.623306
11.00978272
137.3588323
84.5932061
209.7192575
8.467921852
141.9127572
87.52543888
318.4662847
82.96165286
349.8863594
90.69970766
179.4792135
51.49878495
299.6532887
1.662800742
171.0024562
39.84121068
51.53105301
79.3522766
115.0986152
22.68182665
15.99356819
71.03162093
163.9521157
78.37795529
90.3901524
78.86745191
61.40394306
43.96270591
146.6876223
7.00772121
106.65965
293.1532049
59.30805358
133.8794171
74.16933537
234.2093963
85.94154403
94.43751261
51.60815356
238.6652112
13.1157054
93.4910159
