100
280.7545651
669.389006
207.764796
47.55080316
830.8559438
275.2896374
942.0694392
514.9914207
346.4314901
387.0415543
888.9294079
589.9274618
967.760778
585.6589384
405.801276
369.0249948
389.7930657
956.3362658
745.1120058
391.4605218
802.0751587
548.2731645
615.755722
319.5605772
262.8152157
864.8866193
617.4171225
925.0998972
903.1375392
206.4649028
734.3442763
354.7014578
562.4827792
101.3492675
855.9097874
398.4975647
733.6510712
737.9617477
809.9507825
287.5062238
394.7740738
459.1368951
754.6327064
345.1321969
419.8283072
578.4755627
263.7579827
584.9763192
37.50877195
926.5681888
254.425745
59.16333354
235.9075284
539.2551248
931.201296
189.8706725
520.1077837
898.2088159
734.1092436
399.2997436
975.6835325
751.7324464
127.9442425
974.128563
835.939599
663.9471146
268.1450586
704.7201729
600.3964355
603.644137
686.8335523
530.7479388
202.2522575
671.8247557
497.6540574
520.953704
460.9825503
344.4913609
589.4647352
850.5628895
913.0067443
291.2841543
40.22807832
32.97310875
921.6802409
215.121714
872.4166373
340.6639945
760.8318233
516.9075965
148.7939701
652.6766589
988.1316923
229.7909383
299.1567523
487.8411394
614.2222293
527.7876892
923.156141
244.5486029
